1292052
1291546
1292720
1295644
1292063
1292722
1291561
1295124
3541415
3011091
2131459
3793023
1291549
1292001
1292064
1889243
1292213
1291560
5912992
1291841
1307914
25662329
1849031
3319755
6786002
1851857
1300267
1292365
1296141
1929463
26387939
1291552
1291858
1291583
1293182
2129039
1291828
1299398
1308807
20495023
1293172
1293839
1292000
1298624
21937445
21937452
1900841
1291548
1293350
1292224
1291572
1299131
1301753
1291571
1309046
30170448
1306029
1291818
3442220
1418019
1295038
1292220
1296736
1485260
26580232
1291843
1292402
1303021
3742360
1292849
1292262
1305487
1294408
1780330
1292223
1787291
1291832
1293544
3008247
1292343
1292679
1294639
1292215
1292370
1292656
2334904
11525673
1652587
26752088
1297359
2149806
1294371
1298070
1297192
1418834
1291875
1291999
1297630
6985810
1302425
3072124
21318488
4268598
25814705
1291545
26799731
1292434
1296339
4917726
1316510
25958717
1297052
1305164
1865703
1300299
2353023
1297447
10777687
5322596
25814707
3011235
21360417
1293359
1291990
1291585
3395373
1292274
5989818
1306249
4202302
11026735
1292208
3287562
1292337
1291579
1858711
1417598
26325320
3792799
1578507
1907966
1297574
1303037
1295399
1418200
1293318
10577869
1292328
1292401
2209573
1978709
1304447
25917973
1295409
1294240
1300992
24750126
1793929
26611804
6307447
1291870
1291557
1306861
26683290
1291822
1307315
10533913
25980443
4848115
1309163
6534248
26430107
1291578
1296909
1395091
10463953
25773932
3443389
1293460
26628357
1959195
1428581
1295865
1302827
4920389
1307811
25724855
1302467
1937946
25895901
3011051
1293964
1291543
1293181
1291879
1292528
26614893
1305690
1760622
1308857
1292329
1308767
1862151
2213597
1304102
2297265
1419936
4739952
2363506
26787574
1303394
1291844
10808442
1292287
3075287
25986180
2222996
1438652
26393561
6874403
5964718
1397546
10437779
1300374
1428175
1292226
25807345
1293908
1291568
1388216
3592854
1292270
25954475
1294638
1291824
1867345
1291544
2300586
1291992
1296996
1292233
1292659
5908478
25921812
4023638
1300117
1292728
1401118
1292214
2043546
